1724689872396 539.4515991210938 0
1724689872411 354.2273254394531 1
1724689872421 347.44293212890625 2
1724689872431 343.1754150390625 3
1724689872448 340.7686462402344 4
1724689872461 338.7982482910156 5
1724689872476 335.7355041503906 6
1724689872479 333.5546569824219 7
1724689872494 331.4406433105469 8
1724689872510 329.57635498046875 9
1724689872525 328.58349609375 10
1724689872540 325.79229736328125 11
1724689872540 325.16009521484375 12
1724689872556 324.70599365234375 13
1724689872573 323.9942626953125 14
1724689872589 321.9337463378906 15
1724689872603 319.278076171875 16
1724689872603 318.6651916503906 17
1724689872620 319.8277282714844 18
1724689872637 318.2431335449219 19
1724689872651 316.8029479980469 20
1724689872668 316.60797119140625 21
1724689872668 316.9805603027344 22
1724689872685 316.167724609375 23
1724689872705 303.0209655761719 24
1724689872719 302.35357666015625 25
1724689872735 302.2618713378906 26
1724689872735 302.1507873535156 27
1724689872750 301.927001953125 28
1724689872767 301.9173889160156 29
1724689872783 301.858642578125 30
1724689872798 301.79791259765625 31
1724689872798 301.6108093261719 32
1724689872819 301.595703125 33
1724689872833 301.584228515625 34
1724689872849 301.4394226074219 35
1724689872856 300.4054870605469 36
1724689872872 300.317138671875 37
1724689872872 300.278564453125 38
1724689872901 300.23663330078125 39
1724689872912 300.1853332519531 40
1724689872926 300.3016662597656 41
1724689872940 300.1903381347656 42
1724689872954 300.1953125 43
1724689872962 300.1903381347656 44
1724689872976 300.1783752441406 45
1724689872988 300.23211669921875 46
1724689873002 300.1675720214844 47
1724689873016 300.1920166015625 48
1724689873030 300.1302185058594 49
1724689873045 300.15899658203125 50
1724689873060 299.9743957519531 51
1724689873074 300.0500183105469 52
1724689873085 299.9977722167969 53
1724689873099 300.02484130859375 54
1724689873113 300.0490417480469 55
