1724689872385 1336030.375 0
1724689872403 448246.78125 1
1724689872415 436224.65625 2
1724689872431 425984.375 3
1724689872431 421785.5 4
1724689872448 414000.53125 5
1724689872461 407464.6875 6
1724689872479 403375.3125 7
1724689872494 396758.9375 8
1724689872510 392648.71875 9
1724689872510 388966.8125 10
1724689872525 383132.0625 11
1724689872540 379390.25 12
1724689872556 374637.125 13
1724689872572 371902.375 14
1724689872573 366591.59375 15
1724689872589 361745.09375 16
1724689872603 358801.78125 17
1724689872620 359882.03125 18
1724689872637 357831.90625 19
1724689872651 355625.5625 20
1724689872651 355135.375 21
1724689872668 354799.625 22
1724689872685 353490.34375 23
1724689872702 334224.21875 24
1724689872705 332960.8125 25
1724689872719 332807.28125 26
1724689872735 332481.96875 27
1724689872750 331777.0 28
1724689872766 331962.25 29
1724689872767 331977.0 30
1724689872783 331853.71875 31
1724689872798 331355.15625 32
1724689872817 331338.46875 33
1724689872819 331474.3125 34
1724689872842 331361.6875 35
1724689872855 329134.59375 36
1724689872856 328976.3125 37
1724689872872 328996.90625 38
1724689872891 328883.75 39
1724689872905 328868.0625 40
1724689872919 328931.9375 41
1724689872933 328892.71875 42
1724689872947 328868.4375 43
1724689872960 328760.15625 44
1724689872969 328848.1875 45
1724689872983 328880.25 46
1724689872996 328805.9375 47
1724689873009 328756.3125 48
1724689873023 328801.25 49
1724689873039 328803.40625 50
1724689873051 328498.375 51
1724689873065 328493.5625 52
1724689873081 328488.75 53
1724689873094 328490.71875 54
1724689873108 328495.4375 55
