1724677126137 1329146.75 0
1724677126157 454082.90625 1
1724677126175 437413.625 2
1724677126191 426831.03125 3
1724677126206 418506.25 4
1724677126223 412133.21875 5
1724677126239 407887.6875 6
1724677126255 398522.28125 7
1724677126268 395548.90625 8
1724677126283 389064.03125 9
1724677126296 386599.9375 10
1724677126313 381686.53125 11
1724677126329 376099.75 12
1724677126344 373289.4375 13
1724677126356 368715.96875 14
1724677126370 367144.875 15
1724677126384 364391.84375 16
1724677126396 363985.65625 17
1724677126412 362724.9375 18
1724677126426 361724.34375 19
1724677126439 360045.3125 20
1724677126454 362685.1875 21
1724677126468 341677.59375 22
1724677126481 339864.84375 23
1724677126495 339714.15625 24
1724677126509 339451.875 25
1724677126524 339366.8125 26
1724677126538 339504.5 27
1724677126552 339179.6875 28
1724677126565 339209.375 29
1724677126578 338940.0625 30
1724677126592 339328.4375 31
1724677126605 338865.6875 32
1724677126619 339379.3125 33
1724677126632 338873.625 34
1724677126645 338575.09375 35
1724677126659 338297.96875 36
1724677126672 338446.40625 37
1724677126685 338411.96875 38
1724677126699 336382.03125 39
1724677126712 336161.71875 40
1724677126727 336049.59375 41
1724677126741 336022.15625 42
1724677126754 336031.78125 43
1724677126768 336075.90625 44
1724677126781 335971.5 45
1724677126794 335989.09375 46
1724677126808 335956.78125 47
1724677126822 335948.4375 48
1724677126835 335713.0625 49
1724677126849 335702.9375 50
1724677126862 335702.9375 51
1724677126875 335694.75 52
1724677126892 335706.53125 53
