1724677126148 540.5179443359375 0
1724677126166 357.6921081542969 1
1724677126183 348.24908447265625 2
1724677126198 342.80010986328125 3
1724677126215 338.91796875 4
1724677126232 335.7707214355469 5
1724677126247 334.5982666015625 6
1724677126260 331.1048889160156 7
1724677126275 329.1122741699219 8
1724677126289 327.8577575683594 9
1724677126299 326.8804626464844 10
1724677126322 325.4109802246094 11
1724677126336 323.28631591796875 12
1724677126350 323.3335876464844 13
1724677126364 320.72198486328125 14
1724677126377 319.92559814453125 15
1724677126390 319.2237854003906 16
1724677126404 317.397216796875 17
1724677126419 316.4767150878906 18
1724677126433 315.7869873046875 19
1724677126446 314.9915771484375 20
1724677126460 316.9547119140625 21
1724677126475 303.2068176269531 22
1724677126489 302.2591552734375 23
1724677126502 302.4204406738281 24
1724677126518 302.20599365234375 25
1724677126532 301.84747314453125 26
1724677126545 301.80560302734375 27
1724677126558 301.847900390625 28
1724677126572 301.68853759765625 29
1724677126585 301.6396789550781 30
1724677126598 301.7702331542969 31
1724677126612 301.54052734375 32
1724677126626 301.7164306640625 33
1724677126639 301.54193115234375 34
1724677126652 301.31524658203125 35
1724677126666 301.4067687988281 36
1724677126679 301.3310546875 37
1724677126692 301.31817626953125 38
1724677126706 300.19354248046875 39
1724677126719 300.0134582519531 40
1724677126735 300.0243835449219 41
1724677126747 300.0087585449219 42
1724677126761 299.93682861328125 43
1724677126775 299.96295166015625 44
1724677126787 299.9957275390625 45
1724677126801 299.9169616699219 46
1724677126815 299.903076171875 47
1724677126829 300.02105712890625 48
1724677126841 299.7679138183594 49
1724677126855 299.8231201171875 50
1724677126869 299.8359069824219 51
1724677126883 299.8390808105469 52
1724677126900 299.8329772949219 53
