1726485424145 529.0101318359375 0
1726485424179 354.3694152832031 1
1726485424208 345.3883361816406 2
1726485424240 341.1690673828125 3
1726485424272 336.68499755859375 4
1726485424303 334.3428955078125 5
1726485424334 331.0855712890625 6
1726485424364 330.55877685546875 7
1726485424394 328.56378173828125 8
1726485424424 327.3896789550781 9
1726485424454 324.6033935546875 10
1726485424483 322.4108581542969 11
1726485424512 322.1992492675781 12
1726485424542 323.2112731933594 13
1726485424571 322.5499572753906 14
1726485424599 321.1300964355469 15
1726485424628 320.0174255371094 16
1726485424658 319.12677001953125 17
1726485424687 318.72894287109375 18
1726485424716 318.64532470703125 19
1726485424750 315.8756103515625 20
1726485424781 316.67919921875 21
1726485424811 316.1385803222656 22
1726485424841 316.4652099609375 23
1726485424871 315.7715148925781 24
1726485424903 314.7927551269531 25
1726485424938 314.90142822265625 26
1726485424970 314.07720947265625 27
1726485424999 313.42169189453125 28
1726485425027 313.36053466796875 29
1726485425054 312.7305908203125 30
1726485425082 312.6103515625 31
1726485425110 311.2940979003906 32
1726485425144 311.33221435546875 33
1726485425176 311.046142578125 34
1726485425206 311.5713195800781 35
1726485425235 310.1934814453125 36
1726485425268 310.95025634765625 37
1726485425299 310.2176513671875 38
1726485425331 310.2882385253906 39
1726485425363 309.8216552734375 40
1726485425393 309.1485290527344 41
1726485425421 308.5748291015625 42
1726485425449 308.28082275390625 43
1726485425477 296.989501953125 44
1726485425504 296.5315246582031 45
1726485425531 296.376708984375 46
1726485425558 296.1961364746094 47
1726485425585 296.2989501953125 48
1726485425612 296.4291687011719 49
1726485425639 296.2625732421875 50
1726485425666 296.2716369628906 51
1726485425693 296.233154296875 52
1726485425721 296.0180358886719 53
1726485425751 295.84674072265625 54
1726485425780 295.99224853515625 55
1726485425810 295.88458251953125 56
1726485425845 295.9721984863281 57
1726485425875 295.99432373046875 58
1726485425906 295.81494140625 59
1726485425943 295.9410705566406 60
1726485425977 295.8558654785156 61
1726485426016 295.7837219238281 62
1726485426046 295.7580871582031 63
1726485426076 295.67059326171875 64
1726485426110 295.61944580078125 65
1726485426149 295.5375061035156 66
1726485426181 294.5669250488281 67
1726485426211 294.4057922363281 68
1726485426245 294.4950256347656 69
1726485426274 294.4269714355469 70
1726485426303 294.5588684082031 71
1726485426334 294.4776611328125 72
1726485426364 294.37158203125 73
1726485426398 294.4884948730469 74
1726485426429 294.4128112792969 75
1726485426458 294.418212890625 76
1726485426490 294.3790588378906 77
1726485426521 294.3229675292969 78
1726485426550 294.811767578125 79
1726485426578 294.4450988769531 80
1726485426607 294.3755798339844 81
1726485426636 294.3974609375 82
1726485426665 294.3150329589844 83
1726485426700 294.3301696777344 84
1726485426734 294.2870178222656 85
1726485426767 294.3038024902344 86
1726485426801 294.3174133300781 87
1726485426833 294.2748718261719 88
1726485426863 294.3533020019531 89
