1726485424124 1306174.5 0
1726485424164 442686.78125 1
1726485424194 427198.125 2
1726485424225 420793.0625 3
1726485424255 412995.15625 4
1726485424287 406170.71875 5
1726485424320 399886.25 6
1726485424349 396647.5 7
1726485424380 393229.09375 8
1726485424409 389399.0625 9
1726485424439 384263.90625 10
1726485424469 379809.09375 11
1726485424498 377923.9375 12
1726485424528 376393.03125 13
1726485424557 376020.375 14
1726485424585 372294.5 15
1726485424613 370124.40625 16
1726485424643 368510.78125 17
1726485424673 368222.96875 18
1726485424702 364994.53125 19
1726485424733 362341.3125 20
1726485424766 363021.28125 21
1726485424796 361136.3125 22
1726485424826 361980.96875 23
1726485424856 361332.625 24
1726485424887 359147.6875 25
1726485424918 359971.875 26
1726485424956 358106.53125 27
1726485424984 357112.5625 28
1726485425014 356499.5 29
1726485425040 356725.46875 30
1726485425068 356629.90625 31
1726485425096 354155.96875 32
1726485425125 353642.125 33
1726485425160 352056.625 34
1726485425191 353825.375 35
1726485425220 351614.03125 36
1726485425252 352474.15625 37
1726485425284 351430.875 38
1726485425315 351835.71875 39
1726485425348 351500.65625 40
1726485425378 350244.15625 41
1726485425407 349982.78125 42
1726485425435 349237.46875 43
1726485425462 330866.4375 44
1726485425491 330318.46875 45
1726485425518 329999.5625 46
1726485425545 329591.65625 47
1726485425572 329616.6875 48
1726485425598 329807.53125 49
1726485425625 329074.0625 50
1726485425652 329476.15625 51
1726485425679 329539.09375 52
1726485425707 328904.75 53
1726485425737 328633.21875 54
1726485425766 328545.90625 55
1726485425795 328577.96875 56
1726485425829 328584.65625 57
1726485425860 328588.78125 58
1726485425891 328403.25 59
1726485425926 328475.9375 60
1726485425960 328399.1875 61
1726485426000 328167.4375 62
1726485426031 328225.65625 63
1726485426061 328085.15625 64
1726485426091 328217.59375 65
1726485426131 327653.59375 66
1726485426166 325949.78125 67
1726485426196 325638.0 68
1726485426228 325564.875 69
1726485426260 325492.15625 70
1726485426289 325632.46875 71
1726485426318 325613.03125 72
1726485426349 325512.34375 73
1726485426380 325538.8125 74
1726485426413 325535.90625 75
1726485426443 325503.75 76
1726485426473 325504.4375 77
1726485426506 325393.375 78
1726485426536 325440.9375 79
1726485426564 325247.71875 80
1726485426592 325233.71875 81
1726485426621 325220.53125 82
1726485426650 325220.3125 83
1726485426682 325206.3125 84
1726485426716 325212.0 85
1726485426751 325210.46875 86
1726485426783 325208.96875 87
1726485426817 325207.71875 88
1726485426848 325207.03125 89
