1726598490171 538.4228515625 0
1726598490206 353.1706237792969 1
1726598490237 346.2624816894531 2
1726598490269 340.0032958984375 3
1726598490299 336.66546630859375 4
1726598490330 334.131103515625 5
1726598490361 330.7224426269531 6
1726598490392 329.7758483886719 7
1726598490421 326.2556457519531 8
1726598490452 326.32275390625 9
1726598490483 324.9140319824219 10
1726598490514 324.4070129394531 11
1726598490544 324.0603332519531 12
1726598490574 323.1945495605469 13
1726598490604 322.6787109375 14
1726598490640 320.98760986328125 15
1726598490671 322.0675354003906 16
1726598490705 321.3743896484375 17
1726598490739 321.15557861328125 18
1726598490771 318.38232421875 19
1726598490806 318.7818908691406 20
1726598490838 318.2658386230469 21
1726598490872 318.3563232421875 22
1726598490903 316.60009765625 23
1726598490933 316.5944519042969 24
1726598490964 301.911865234375 25
1726598490999 301.4717102050781 26
1726598491033 301.545654296875 27
1726598491066 301.328857421875 28
1726598491098 301.04248046875 29
1726598491127 301.3656921386719 30
1726598491157 300.9794921875 31
1726598491189 301.07501220703125 32
1726598491219 300.8409423828125 33
1726598491250 300.9986877441406 34
1726598491284 300.649658203125 35
1726598491314 300.7486572265625 36
1726598491346 299.4358215332031 37
1726598491382 299.3699951171875 38
1726598491419 299.3318786621094 39
1726598491452 299.33380126953125 40
1726598491483 299.28826904296875 41
1726598491512 299.3044128417969 42
1726598491544 299.37908935546875 43
1726598491575 299.230224609375 44
1726598491606 299.25628662109375 45
1726598491637 299.3147888183594 46
1726598491668 299.2405090332031 47
1726598491697 299.33050537109375 48
1726598491728 299.2723388671875 49
1726598491757 299.26300048828125 50
1726598491787 299.14990234375 51
1726598491817 299.1366271972656 52
1726598491846 299.09539794921875 53
1726598491883 299.1243591308594 54
1726598491924 299.0845642089844 55
