1726598490154 1322063.125 0
1726598490190 434745.9375 1
1726598490222 425900.59375 2
1726598490254 417074.90625 3
1726598490284 411769.21875 4
1726598490315 407252.78125 5
1726598490346 402827.5 6
1726598490376 398411.4375 7
1726598490406 392542.71875 8
1726598490436 389523.21875 9
1726598490467 387996.375 10
1726598490498 385012.0 11
1726598490528 383586.8125 12
1726598490559 382292.65625 13
1726598490588 378927.875 14
1726598490621 376746.34375 15
1726598490657 374805.75 16
1726598490687 375289.15625 17
1726598490725 371503.15625 18
1726598490754 367900.5625 19
1726598490790 366483.9375 20
1726598490823 366254.28125 21
1726598490856 365667.4375 22
1726598490888 363637.1875 23
1726598490917 361434.53125 24
1726598490948 343331.5625 25
1726598490980 342075.21875 26
1726598491015 341631.28125 27
1726598491052 341389.6875 28
1726598491083 341302.21875 29
1726598491112 340835.75 30
1726598491143 340912.28125 31
1726598491174 340745.5 32
1726598491204 340618.8125 33
1726598491234 340328.28125 34
1726598491268 340450.21875 35
1726598491298 340287.90625 36
1726598491328 338092.5 37
1726598491364 337825.96875 38
1726598491401 337837.8125 39
1726598491436 337710.34375 40
1726598491467 337758.0625 41
1726598491497 337676.78125 42
1726598491529 337681.25 43
1726598491560 337655.0625 44
1726598491591 337607.53125 45
1726598491621 337680.53125 46
1726598491652 337582.46875 47
1726598491683 337626.34375 48
1726598491713 337611.5 49
1726598491742 337514.03125 50
1726598491771 337371.6875 51
1726598491802 337340.71875 52
1726598491831 337332.53125 53
1726598491862 337329.59375 54
1726598491903 337323.78125 55
