1724688695433 1313828.0 0
1724688695453 447178.1875 1
1724688695470 431345.03125 2
1724688695484 423282.375 3
1724688695497 415715.6875 4
1724688695508 407588.59375 5
1724688695518 402444.75 6
1724688695534 395455.5625 7
1724688695545 388075.28125 8
1724688695562 383907.84375 9
1724688695573 380037.40625 10
1724688695588 374538.0 11
1724688695603 369382.125 12
1724688695613 368306.59375 13
1724688695624 366820.65625 14
1724688695639 361318.28125 15
1724688695649 359711.34375 16
1724688695670 360051.09375 17
1724688695683 360858.4375 18
1724688695687 357913.84375 19
1724688695702 358205.375 20
1724688695722 356520.40625 21
1724688695734 357568.46875 22
1724688695750 354664.125 23
1724688695761 355103.0625 24
1724688695775 355012.21875 25
1724688695785 355003.15625 26
1724688695800 353729.09375 27
1724688695816 352079.875 28
1724688695829 351852.3125 29
1724688695839 349999.1875 30
1724688695846 334431.28125 31
1724688695865 333088.625 32
1724688695882 332699.84375 33
1724688695893 332405.0625 34
1724688695898 332771.40625 35
1724688695918 332579.84375 36
1724688695925 332366.1875 37
1724688695941 330479.4375 38
1724688695961 330203.375 39
1724688695977 330121.34375 40
1724688695991 330194.09375 41
1724688696002 330118.3125 42
1724688696016 330104.84375 43
1724688696031 329974.4375 44
1724688696041 329902.75 45
1724688696057 329849.90625 46
1724688696072 329828.90625 47
1724688696082 329833.375 48
1724688696087 329833.21875 49
