1724688695444 536.150146484375 0
1724688695463 352.96337890625 1
1724688695478 344.9482727050781 2
1724688695490 341.5959777832031 3
1724688695500 338.7533874511719 4
1724688695518 334.8544616699219 5
1724688695529 332.07269287109375 6
1724688695534 330.40826416015625 7
1724688695550 327.24127197265625 8
1724688695566 325.0718078613281 9
1724688695581 324.6820068359375 10
1724688695596 322.3365783691406 11
1724688695608 320.26904296875 12
1724688695619 319.3560791015625 13
1724688695632 319.2588195800781 14
1724688695645 316.4993896484375 15
1724688695663 315.416259765625 16
1724688695672 315.1929626464844 17
1724688695687 315.08087158203125 18
1724688695702 314.0494079589844 19
1724688695718 314.4114685058594 20
1724688695722 312.26043701171875 21
1724688695734 312.9385986328125 22
1724688695750 311.3011779785156 23
1724688695769 311.943115234375 24
1724688695785 311.406005859375 25
1724688695798 311.0908203125 26
1724688695800 310.0711364746094 27
1724688695816 309.8083190917969 28
1724688695829 308.7889709472656 29
1724688695846 308.5502624511719 30
1724688695862 298.45892333984375 31
1724688695865 297.9310302734375 32
1724688695882 297.7835998535156 33
1724688695898 297.5098571777344 34
1724688695911 297.4368896484375 35
1724688695925 297.2946472167969 36
1724688695925 297.2938537597656 37
1724688695941 296.4266357421875 38
1724688695968 296.3837585449219 39
1724688695984 296.27142333984375 40
1724688695998 296.35791015625 41
1724688696009 296.2353210449219 42
1724688696024 296.2518310546875 43
1724688696031 296.3573303222656 44
1724688696052 295.8659973144531 45
1724688696057 296.0528869628906 46
1724688696072 296.1307373046875 47
1724688696087 296.12750244140625 48
1724688696103 296.1253356933594 49
